52
329
80
77
53
117
79
78
43
215
121
45
79
89
123
95
131
40
129
77
245
77
37
80
37
53
47
106
60
50
167
254
350
77
77
67
78
78
76
23
229
69
76
77
32
65
78
80
49
158
64
125
95
114
94
138
74
80
77
47
49
99
139
52
77
115
311
40
39
86
79
146
43
54
129
76
103
41
48
131
76
78
22
65
83
182
74
77
49
76
53
126
51
140
69
454
88
77
88
129
200
199
78
45
108
45
76
52
64
45
78
51
123
78
78
44
79
38
93
58
41
40
76
78
78
100
77
168
49
98
45
118
76
147
40
63
133
47
73
33
29
76
305
78
77
76
80
47
78
66
78
76
45
136
29
48
727
257
71
96
288
168
71
29
64
36
76
76
262
38
68
51
78
78
78
226
123
48
121
157
232
239
56
36
80
75
78
80
106
78
79
35
43
208
77
48
78
89
76
100
170
78
114
76
76
83
140
53
241
100
121
225
39
43
48
56
44
195
47
43
68
191
48
126
77
117
335
78
78
53
77
276
71
28
225
117
76
113
40
80
306
108
78
132
77
77
91
86
80
78
137
119
78
246
75
76
333
65
61
78
78
74
132
79
38
76
79
77
76
304
81
78
49
100
128
202
135
28
80
108
77
78
85
44
73
86
46
78
83
45
46
189
196
84
80
28
76
78
82
85
34
78
89
87
127
141
79
98
129
40
80
76
77
98
78
212
43
43
70
77
63
35
169
65
76
77
77
124
54
77
267
43
74
79
74
47
105
90
76
82
75
52
77
118
154
43
34
113
71
62
368
75
79
332
97
110
346
84
77
43
29
55
77
78
43
98
75
45
346
65
83
77
77
80
44
124
57
49
134
29
150
73
48
77
111
51
77
106
78
156
21
74
49
345
39
84
77
46
45
77
49
66
78
72
303
44
38
55
78
65
76
41
167
219
43
79
53
137
78
78
173
84
64
48
76
78
85
69
128
46
80
30
262
109
77
359
78
64
84
77
75
41
72
78
44
53
108
43
181
56
45
184
69
130
77
109
154
65
91
110
48
179
71
77
155
33
78
50
346
41
78
47
76
149
97
171
78
241
118
79
166
80
82
155
151
107
43
167
41
94
77
75
75
104
250
43
77
43
77
47
30
79
90
107
46
79
78
77
48
78
153
45
77
93
78
41
86
62
119
47
112
37
70
30
45
136
77
45
83
29
99
89
46
78
53
52
41
77
33
57
178
94
112
49
76
48
52
33
89
76
165
78
72
72
82
64
48
77
223
184
46
80
52
66
78
33
46
222
77
101
165
260
82
79
81
124
77
123
228
54
80
66
273
70
262
77
28
40
49
76
57
78
78
81
78
40
73
83
78
51
78
81
46
62
49
190
73
77
79
87
80
53
46
100
78
47
79
79
125
144
78
103
94
96
110
76
96
76
67
77
56
80
77
175
32
47
117
103
645
64
212
198
47
51
93
31
78
65
84
56
129
78
96
68
48
53
77
162
197
52
232
83
53
81
132
470
47
85
79
79
78
80
60
374
313
90
80
78
77
83
40
152
51
82
46
136
43
120
46
68
23
35
53
73
78
77
109
121
500
86
138
156
84
71
44
51
77
77
81
74
112
39
101
93
91
79
98
45
101
148
112
76
78
46
60
78
77
306
90
55
168
53
46
51
80
213
77
702
109
136
153
82
52
77
102
82
109
48
31
161
42
221
23
141
78
75
32
77
88
77
47
81
41
43
78
75
76
59
75
41
113
42
47
78
204
59
45
48
70
77
76
78
78
71
113
53
136
75
77
162
142
98
96
78
105
49
83
121
46
305
78
76
141
78
225
153
76
80
47
78
190
78
239
293
77
37
107
77
76
52
78
90
20
77
109
117
50
125
76
49
43
77
77
52
78
76
228
65
88
141
101
78
77
76
116
68
34
79
69
55
132
77
78
35
65
41
115
107
88
83
141
121
78
120
129
77
33
165
149
44
402
79
85
36
128
64
44
102
48
57
51
68
76
740
44
47
77
34
114
44
34
118
21
165
88
78
146
148
78
46
76
71
97
99
81
77
128
47
78
122
77
79
66
108
77
92
39
77
164
45
139
177
51
87
77
78
98
59
38
80
266
119
51
194
56
119
76
78
82
72
85
82
76
79
52
47
79
29
200
78
78
51
77
156
77
90
81
78
63
72
78
78
77
72
49
79
45
54
77
151
49
73
89
95
70
113
365
46
60
78
49
36
80
35
77
43
77
208
136
52
45
115
148
132
78
70
46
105
75
95
47
124
39
78
151
80
76
72
76
85
76
47
48
77
80
83
74
84
77
48
96
49
71
56
76
66
71
54
116
76
62
373
77
78
377
25
45
76
77
81
79
131
56
90
94
91
80
76
80
274
101
78
75
78
79
77
154
89
49
236
77
30
83
39
76
48
22
47
312
44
79
22
146
30
78
78
126
77
57
112
39
77
77
72
77
71
91
68
286
77
84
51
32
47
77
80
289
47
54
239
103
47
53
183
70
53
141
98
212
75
73
165
49
78
76
695
78
82
83
82
76
80
74
47
36
484
109
96
76
30
41
47
62
56
101
45
78
77
80
73
53
60
51
59
46
76
48
79
78
103
77
100
48
78
146
77
312
41
39
77
62
50
283
77
38
77
77
43
181
99
72
52
76
98
45
47
141
78
79
249
53
108
77
78
66
52
96
78
165
78
90
78
33
151
198
78
73
78
78
80
60
102
103
45
35
46
53
61
72
77
133
42
124
94
230
89
83
152
239
46
84
48
104
138
44
124
131
84
153
123
76
65
43
71
113
43
133
88
77
74
65
79
66
118
77
45
81
46
77
80
74
76
110
57
82
22
41
51
76
77
82
136
52
76
393
98
78
101
88
79
173
78
78
51
304
117
87
79
77
77
76
75
69
170
142
234
81
74
72
43
88
113
227
47
76
46
39
78
42
77
99
76
77
45
94
94
124
63
49
135
78
46
139
41
118
58
78
78
67
61
156
48
76
82
119
98
40
52
49
193
436
90
142
79
109
78
36
23
98
75
78
46
48
83
53
47
37
69
41
87
52
94
35
244
47
53
83
73
78
37
79
60
137
78
76
122
77
120
44
32
78
77
104
76
223
50
90
31
76
45
104
65
21
77
37
409
33
76
45
78
77
212
80
78
42
71
160
47
130
143
106
37
71
76
56
121
64
77
82
54
35
38
100
99
129
95
77
219
104
69
77
208
123
80
39
78
40
44
78
77
121
74
78
80
123
80
76
107
79
88
70
104
78
78
78
66
60
79
31
79
294
124
47
100
77
85
70
76
39
138
76
38
80
53
32
49
30
45
47
47
77
78
51
69
332
35
74
50
29
43
98
63
85
51
141
58
42
57
35
46
42
65
62
73
51
78
380
46
209
311
152
46
142
165
137
104
105
75
165
190
312
76
78
156
73
52
69
59
77
84
35
81
94
78
78
63
78
45
289
49
81
75
79
170
139
73
165
78
82
58
32
78
254
81
72
78
125
77
80
39
98
105
78
46
75
103
119
48
57
110
172
70
105
39
85
50
218
82
52
30
43
93
49
106
75
49
61
79
169
76
77
38
41
47
55
64
88
55
107
30
74
44
126
416
89
258
293
128
109
72
83
61
260
79
77
79
158
46
75
84
183
144
147
149
45
87
53
90
81
75
154
94
73
125
149
41
81
77
124
83
70
46
148
79
79
169
236
46
35
78
108
80
190
78
205
77
34
32
43
52
79
77
79
229
117
75
78
39
43
86
51
148
106
77
80
32
78
30
78
131
89
20
33
248
213
17
138
45
103
79
78
46
326
102
82
103
68
77
79
78
76
51
100
30
483
99
129
109
78
77
47
77
21
43
80
79
78
51
82
77
76
103
79
98
78
52
78
117
77
78
154
145
71
90
86
46
245
64
78
78
63
58
43
56
143
69
192
52
78
32
78
94
155
72
47
43
86
152
85
30
78
43
53
124
102
78
105
48
85
165
77
77
238
78
41
94
393
155
69
112
68
80
83
141
93
78
94
78
78
80
98
87
52
77
37
173
53
101
79
77
102
113
45
74
52
79
36
81
74
36
80
46
79
89
99
408
78
61
116
135
77
223
79
55
39
77
78
140
39
37
113
128
32
111
97
83
104
46
48
32
126
77
84
77
103
91
92
100
49
54
130
53
77
61
48
47
103
75
68
465
47
183
79
106
53
76
44
85
86
57
82
52
79
134
456
77
79
79
43
215
254
88
35
109
35
45
48
51
112
185
71
105
196
52
79
60
32
77
78
97
97
118
76
119
72
80
53
47
140
127
74
77
78
78
95
39
84
78
76
77
138
45
189
125
77
117
77
100
77
76
31
78
78
78
66
76
166
83
100
43
48
272
61
109
31
47
37
76
159
54
155
73
167
130
121
78
83
65
78
36
45
106
78
390
94
103
32
80
77
51
100
30
79
135
49
80
47
51
77
22
47
198
136
76
62
76
146
80
69
87
380
189
31
103
77
82
52
131
54
207
58
42
85
76
109
98
133
175
53
78
68
76
80
52
78
76
69
346
131
131
62
49
131
77
78
53
334
79
60
45
124
73
78
104
193
88
37
80
35
77
76
54
40
161
78
75
178
64
78
101
77
48
40
78
96
78
77
76
110
129
328
77
109
65
90
292
120
125
36
75
147
42
79
73
48
77
76
80
78
80
89
111
64
21
82
73
107
137
107
121
72
50
78
51
88
166
47
224
76
77
76
47
61
76
90
47
103
63
78
68
59
46
71
44
226
78
45
81
90
279
79
153
164
214
79
51
153
78
51
131
237
78
256
51
76
78
65
131
42
157
54
86
171
66
79
86
260
93
43
131
77
77
32
76
76
77
77
53
78
266
77
36
78
41
90
91
45
51
162
81
93
63
124
62
94
193
421
36
92
98
82
39
78
78
78
33
48
47
46
68
77
134
72
28
72
185
143
79
47
45
32
69
77
78
78
76
173
77
373
64
169
306
59
224
51
112
60
113
92
77
77
242
130
94
76
143
49
38
51
31
93
69
60
277
79
35
68
78
147
78
105
46
47
32
43
94
113
79
97
134
46
92
77
77
129
1061
286
79
43
43
48
52
91
79
83
74
45
123
64
78
111
33
78
58
114
110
43
110
46
33
81
202
80
79
95
132
42
147
228
77
78
78
52
185
86
47
77
114
117
78
78
34
116
52
78
139
79
79
488
108
91
79
77
35
218
59
291
70
51
163
56
82
83
33
77
84
86
77
79
77
34
104
77
66
53
51
74
78
83
134
77
43
41
66
76
83
60
38
58
45
78
84
79
47
32
76
48
75
53
86
52
47
30
139
53
78
48
82
92
225
422
75
129
49
79
76
78
78
77
78
91
237
86
109
157
78
139
76
80
46
90
76
106
78
101
83
48
98
28
35
130
73
85
106
87
48
78
119
47
108
35
47
46
78
77
82
46
79
78
249
234
59
79
98
141
78
200
78
79
43
78
257
77
75
110
52
78
78
33
78
112
52
78
102
37
53
142
137
365
109
73
106
87
106
338
199
77
76
83
77
100
123
77
148
78
83
45
135
79
78
48
53
69
138
76
199
78
77
39
53
68
28
94
138
258
80
154
117
74
21
70
80
79
91
88
89
38
47
145
83
76
94
107
92
66
88
32
45
101
176
77
98
44
81
32
179
132
76
105
213
219
85
63
46
73
432
48
119
86
257
78
46
78
43
83
76
62
77
298
157
77
93
76
240
139
79
408
77
78
136
74
100
77
78
36
73
23
140
78
77
34
77
65
183
35
76
207
75
78
53
78
78
80
46
79
55
36
58
78
149
90
87
77
77
52
107
349
63
68
37
77
49
231
47
51
80
82
49
265
46
109
125
321
57
75
56
76
67
86
390
78
47
76
79
48
78
49
845
114
49
89
75
79
65
76
112
145
99
39
96
32
117
41
79
80
107
78
78
43
157
91
46
193
168
263
77
64
541
35
78
105
97
180
76
134
86
93
45
78
126
130
77
82
48
44
95
78
120
199
83
67
77
146
47
45
42
48
83
145
157
37
176
58
49
87
68
88
108
100
79
46
125
38
77
47
77
114
97
41
76
40
78
53
411
62
78
59
75
107
76
34
109
86
51
77
53
46
72
95
102
53
72
92
77
35
179
82
77
81
78
72
99
50
173
113
51
80
70
47
79
58
140
344
32
76
295
109
77
130
78
131
43
53
28
112
129
77
177
78
54
101
257
42
111
66
79
245
259
50
185
39
78
94
31
57
57
130
76
118
33
73
77
77
32
53
34
124
76
75
124
206
47
154
42
136
93
60
130
78
78
75
77
92
78
77
34
83
101
74
47
32
37
46
166
47
83
166
78
85
59
79
145
199
36
216
82
43
79
454
78
57
43
52
135
81
73
50
78
75
78
82
78
35
51
136
62
78
78
47
74
111
108
48
30
78
32
48
306
82
346
50
84
78
77
110
41
49
182
75
76
49
78
78
77
75
116
51
87
79
262
38
270
32
48
76
104
78
154
80
223
77
162
81
90
78
114
91
85
78
168
53
76
119
72
78
81
76
114
80
75
122
80
47
100
48
127
190
78
57
54
80
141
74
78
353
77
42
76
79
96
52
79
41
77
35
79
54
83
76
161
73
98
96
77
68
45
214
106
71
106
43
35
93
120
28
67
83
41
100
218
52
97
125
42
43
136
36
78
102
84
41
158
78
73
78
67
50
77
78
76
66
44
218
70
43
141
48
199
87
281
78
73
176
77
79
58
93
209
51
78
76
78
137
102
71
195
77
135
79
77
52
46
47
78
168
259
78
41
46
79
78
105
77
305
73
61
167
32
76
78
168
195
85
53
53
310
44
76
266
77
38
36
78
30
140
102
42
47
45
207
131
49
39
138
86
201
47
78
83
79
78
86
77
77
77
49
114
43
119
82
77
78
43
44
44
55
106
46
46
73
76
78
259
78
41
40
112
64
106
52
79
225
85
57
40
30
77
75
77
45
64
77
81
76
171
146
105
76
79
79
77
71
95
126
107
175
93
39
95
218
75
46
79
75
93
407
78
77
48
57
80
79
46
46
80
78
78
77
78
77
107
77
77
98
48
64
92
102
78
87
70
104
78
70
54
51
49
60
70
96
66
48
168
78
241
77
47
111
76
71
43
109
97
77
77
106
70
76
76
28
69
90
44
74
39
78
103
78
158
77
102
146
78
76
98
290
31
77
112
142
112
78
75
77
78
98
141
76
80
82
376
26
144
77
135
59
80
45
78
258
60
53
77
77
66
76
98
77
43
117
79
360
77
76
158
94
229
51
78
47
78
367
43
78
78
78
468
86
93
94
120
94
80
48
123
91
46
84
28
104
266
41
77
201
168
33
101
78
81
283
108
103
92
48
28
64
54
78
96
100
76
124
106
78
176
84
79
51
76
48
49
77
78
41
179
95
44
78
139
130
42
78
81
45
39
55
97
79
39
159
78
59
81
59
78
78
101
289
40
109
64
336
86
112
41
26
77
204
78
74
160
79
53
126
57
43
61
96
138
34
94
77
88
55
72
85
123
77
277
45
395
106
77
41
77
109
83
46
93
125
78
77
77
113
94
69
77
65
94
39
45
197
326
44
83
78
71
78
28
49
115
64
77
64
77
40
194
122
34
36
156
78
194
78
442
85
48
109
68
130
185
78
78
125
79
52
64
76
357
109
135
319
82
321
153
170
78
43
44
82
47
76
98
77
93
127
64
77
36
78
46
78
136
76
77
43
48
77
103
77
78
40
43
76
150
39
54
77
101
78
76
102
100
77
49
78
76
80
226
192
82
77
77
60
70
56
100
74
49
77
78
120
49
220
49
229
72
47
52
45
78
69
173
626
52
142
92
78
89
124
116
147
176
77
53
53
47
47
81
224
78
78
348
80
42
78
77
77
139
238
79
77
51
121
89
35
47
45
77
178
77
66
210
133
78
77
164
86
94
142
115
85
77
80
524
123
137
79
155
77
51
109
101
120
57
49
48
101
61
83
244
37
86
22
35
79
46
77
34
96
76
76
57
128
76
72
131
137
54
73
39
99
78
125
131
99
49
43
78
47
